2480035542436830599600990418569171581047399201355367672371710738018221445712183296000000000000000
12438414054641307255475324325873553077577991715875414356840239582938137710983519518443046123837041347353107486982656753664000000000000000000000
6227020800
93326215443944152681699238856266700490715968264381621468592963895217599993229915608941463976156518286253697920827223758251185210916864000000000000000000000000
138683118545689835737939019720389406345902876772687432540821294940160000000000000
16507955160908461081216919262453619309839666236496541854913520707833171034378509739399912570787600662729080382999756800000000000000000000
6402373705728000
3314240134565353266999387579130131288000666286242049487118846032383059131291716864129885722968716753156177920000000000000000000
2658271574788448768043625811014615890319638528000000000
8683317618811886495518194401280000000
